1.818372302198204560e-01 4.648905041249850462e-02 8.291347428991047153e-02 2.929356032405144306e-01 2.016669534942851782e-01 1.172568484545991573e-02 8.057174413651709000e-02 2.678126010729154141e-02 2.810200004270824170e-02 4.697699921099409565e-02
6.168194452000694272e-02 2.286565715861227921e-01 1.143181566120753528e-01 6.031752550303318833e-02 8.324690211057088340e-02 7.456133020212885043e-02 2.379419548390630246e-01 4.350123897060533679e-02 7.304059519822003743e-02 2.273378045817346996e-02
-2.552989815834078691e+00 6.536185954403606058e-01 8.644361988595057333e-01 -7.421650204064419443e-01 2.269754623987607633e+00 -1.454365674598764757e+00 4.575851730144606805e-02 -1.871838500258335980e-01 1.532779214358457542e+00 1.469358769900285022e+00
8.831811222125794669e-02 1.104055386923365467e-01 3.113124678810993279e-02 1.043537330360811907e-02 5.341468098376565832e-02 8.844198067239500416e-02 2.588602816425394915e-01 2.517351722314721818e-01 5.135030956515301837e-02 5.590730389936213879e-02
-1.048552965067092613e+00 -1.420017937178975176e+00 -1.706270190625012617e+00 1.950775395231789666e+00 -5.096521817516534991e-01 -4.380743016111863786e-01 -1.252795360049926199e+00 7.774903558319100627e-01 -1.613897847557951515e+00 -2.127402802139687077e-01
-8.954665611936756253e-01 3.869024978592620068e-01 -5.108051375688730245e-01 -1.180632184122412109e+00 -2.818222833865486818e-02 4.283318705304176577e-01 6.651722238316788716e-02 3.024718977397813924e-01 -6.343220936809635946e-01 -3.627411659871381255e-01
7.361120366015717897e-02 1.006555733403685371e-01 6.395063154134802974e-02 2.566107066146442947e-02 1.722046900737087549e-01 9.649360621988602171e-02 2.824903615500026777e-02 2.290728192722458201e-01 5.820430500652795658e-02 1.518970640692929863e-01
7.290905621775368717e-01 1.289829107574106681e-01 1.139400684543300679e+00 -1.234825820353652626e+00 4.023416411775490031e-01 -6.848100909403131986e-01 -8.707971491818817800e-01 -5.788496647644154613e-01 -3.115525321273726611e-01 5.616534222974543800e-02
1.357843569449231243e-02 1.071745969032965873e-01 6.935895070720322908e-02 9.368838022342000638e-03 1.928446530295125083e-01 2.898959137486215587e-01 1.415159364139081388e-01 3.636867868749828203e-02 1.492264925326355386e-02 1.249713475398620266e-01
-4.031769469731796285e-01 1.222445070382427446e+00 2.082749780768602954e-01 9.766390364837127525e-01 3.563663971744018832e-01 7.065731681919481533e-01 1.050002072082047849e-02 1.785870493905835188e+00 1.269120927036199165e-01 4.019893634447016528e-01
1.883150697056254375e+00 -1.347759061142446368e+00 -1.270484998485733596e+00 9.693967081580111556e-01 -1.173123405114159912e+00 1.943621185649292649e+00 -4.136189807597473456e-01 -7.474548114407577604e-01 1.922942026480384703e+00 1.480514791434424327e+00
2.404615436847573340e-01 9.193169660354076622e-02 1.570180273676483745e-02 2.509029391957059985e-01 2.841729230534609588e-02 8.288529057331507632e-02 9.579908967554399968e-02 3.181669403602650770e-02 6.865408156614469237e-02 9.342956962285459133e-02
3.764255311556294337e-01 -1.099400790584194487e+00 2.982381742060559726e-01 1.326385896687030330e+00 -6.945678597313654778e-01 -1.496345403276707620e-01 -4.351535517216374438e-01 1.849263728479341840e+00 6.722947570124354622e-01 4.074618362411104311e-01
-7.699160744453164007e-01 5.392491912918172536e-01 -6.743326606573760706e-01 3.183055827435118251e-02 -6.358460783788809634e-01 6.764332949464997302e-01 5.765908166149409375e-01 -2.082987555779948763e-01 3.960067126616452771e-01 -1.093061508730505782e+00
-1.491257592705605539e+00 4.393917012645369158e-01 1.666734953725290402e-01 6.350314368921063934e-01 2.383144774863942050e+00 9.444794869904138412e-01 -9.128222254441585859e-01 1.117016288095852961e+00 -1.315907410511521158e+00 -4.615846048147089764e-01
-6.824160532463123541e-02 1.713342721649366629e+00 -7.447548220484399017e-01 -8.264385386590143989e-01 -9.845252442543230009e-02 -6.634782863621073723e-01 1.126635922106506982e+00 -1.079931508363423331e+00 -1.147468652411102408e+00 -4.378200447444340337e-01
3.194427208514757921e-02 3.619685725151536304e-01 1.358357105592439829e-01 5.737315892247790705e-02 1.543426162577224425e-02 1.222891490093306610e-01 1.933293253265771713e-02 1.121502325134084502e-02 1.724409967848725966e-01 7.216592271400276704e-02
9.208588237808189580e-01 3.187276529430211891e-01 8.568306119026911638e-01 -6.510255933001468653e-01 -1.034242841784464684e+00 6.815945182816269821e-01 -8.034096641738410760e-01 -6.895497777502005432e-01 -4.555325035173431458e-01 1.747915902505672858e-02
-3.539939112534839505e-01 -1.374951293418018805e+00 -6.436184028328905127e-01 -2.223403152224426638e+00 6.252314510271874681e-01 -1.602057655606747621e+00 -1.104383339428450572e+00 5.216507926097440490e-02 -7.395629963913132876e-01 1.543014595406735801e+00
-1.292856909723448577e+00 2.670508693491829288e-01 -3.928281822749560281e-02 -1.168093497741197417e+00 5.232766605317537012e-01 -1.715463312222481052e-01 7.717905512136673529e-01 8.235041539637314445e-01 2.163235949280689852e+00 1.336527949436391971e+00
