2.002000000000000000e+03 6.170000000000000000e+02 3.390000000000000000e+02 1.810000000000000000e+02 2.150000000000000000e+03 6.840000000000000000e+02 3.260000000000000000e+02 1.820000000000000000e+02 2.138000000000000000e+03
2.003000000000000000e+03 6.090000000000000000e+02 3.370000000000000000e+02 1.840000000000000000e+02 4.789000000000000000e+03 6.810000000000000000e+02 3.310000000000000000e+02 1.820000000000000000e+02 2.139000000000000000e+03
2.004000000000000000e+03 5.870000000000000000e+02 3.520000000000000000e+02 1.620000000000000000e+02 4.853000000000000000e+03 6.880000000000000000e+02 3.450000000000000000e+02 1.790000000000000000e+02 9.917000000000000000e+03
2.006000000000000000e+03 5.830000000000000000e+02 3.480000000000000000e+02 1.620000000000000000e+02 4.864000000000000000e+03 6.740000000000000000e+02 3.510000000000000000e+02 1.810000000000000000e+02 9.934000000000000000e+03
2.007000000000000000e+03 5.820000000000000000e+02 3.490000000000000000e+02 1.630000000000000000e+02 4.863000000000000000e+03 6.720000000000000000e+02 3.560000000000000000e+02 1.890000000000000000e+02 9.956000000000000000e+03
2.008000000000000000e+03 5.050000000000000000e+02 4.480000000000000000e+02 1.880000000000000000e+02 5.488000000000000000e+03 6.710000000000000000e+02 3.610000000000000000e+02 1.900000000000000000e+02 9.990000000000000000e+03
2.009000000000000000e+03 5.050000000000000000e+02 4.490000000000000000e+02 1.880000000000000000e+02 5.490000000000000000e+03 6.690000000000000000e+02 3.620000000000000000e+02 1.920000000000000000e+02 9.998000000000000000e+03
2.010000000000000000e+03 4.930000000000000000e+02 4.500000000000000000e+02 1.880000000000000000e+02 5.491000000000000000e+03 6.780000000000000000e+02 3.720000000000000000e+02 1.900000000000000000e+02 1.002700000000000000e+04
2.011000000000000000e+03 4.970000000000000000e+02 4.470000000000000000e+02 1.940000000000000000e+02 5.499000000000000000e+03 6.820000000000000000e+02 3.820000000000000000e+02 1.890000000000000000e+02 1.005200000000000000e+04
2.012000000000000000e+03 4.970000000000000000e+02 4.460000000000000000e+02 1.960000000000000000e+02 5.501000000000000000e+03 7.270000000000000000e+02 3.890000000000000000e+02 1.970000000000000000e+02 1.006400000000000000e+04
2.013000000000000000e+03 5.000000000000000000e+02 4.470000000000000000e+02 1.960000000000000000e+02 5.506000000000000000e+03 7.130000000000000000e+02 3.970000000000000000e+02 1.980000000000000000e+02 1.006500000000000000e+04
2.014000000000000000e+03 5.090000000000000000e+02 4.770000000000000000e+02 2.130000000000000000e+02 5.513000000000000000e+03 7.410000000000000000e+02 4.190000000000000000e+02 2.130000000000000000e+02 1.042500000000000000e+04
2.015000000000000000e+03 5.070000000000000000e+02 4.810000000000000000e+02 2.090000000000000000e+02 5.502000000000000000e+03 7.410000000000000000e+02 4.160000000000000000e+02 2.180000000000000000e+02 1.042400000000000000e+04
2.016000000000000000e+03 5.260000000000000000e+02 4.640000000000000000e+02 2.040000000000000000e+02 5.567000000000000000e+03 7.870000000000000000e+02 4.480000000000000000e+02 2.250000000000000000e+02 1.112100000000000000e+04
2.017000000000000000e+03 5.260000000000000000e+02 4.760000000000000000e+02 2.020000000000000000e+02 5.674000000000000000e+03 7.860000000000000000e+02 4.610000000000000000e+02 2.220000000000000000e+02 1.112200000000000000e+04
2.018000000000000000e+03 5.360000000000000000e+02 4.820000000000000000e+02 2.010000000000000000e+02 5.692000000000000000e+03 7.990000000000000000e+02 4.690000000000000000e+02 2.240000000000000000e+02 1.112600000000000000e+04
2.019000000000000000e+03 5.360000000000000000e+02 5.050000000000000000e+02 2.030000000000000000e+02 5.850000000000000000e+03 8.000000000000000000e+02 4.610000000000000000e+02 2.250000000000000000e+02 1.114700000000000000e+04
2.020000000000000000e+03 5.570000000000000000e+02 5.390000000000000000e+02 2.210000000000000000e+02 5.940000000000000000e+03 7.980000000000000000e+02 4.600000000000000000e+02 2.230000000000000000e+02 1.115800000000000000e+04
2.021000000000000000e+03 5.570000000000000000e+02 5.470000000000000000e+02 2.290000000000000000e+02 5.968000000000000000e+03 7.730000000000000000e+02 4.470000000000000000e+02 2.250000000000000000e+02 1.116200000000000000e+04
2.022000000000000000e+03 5.560000000000000000e+02 5.490000000000000000e+02 2.320000000000000000e+02 5.969000000000000000e+03 7.550000000000000000e+02 4.230000000000000000e+02 2.310000000000000000e+02 1.116200000000000000e+04
